Standard Deviation= 0.28389927726246866
t=14.862801973104226
p=1.503108748579507e-11
t=14.862801973104226
p=1.503112459132748e-11
